0.00000000e+00 5.36725772e-04 1.27746020e-03 -5.63424051e-03 -2.99226689e-03 -4.09946323e-04 -5.70487668e-03 -2.57063428e-03 -1.88992437e-03 1.02680338e-02 7.17845431e-03 1.25272484e-02 5.72288053e-03 -2.75856919e-02 -4.58437745e-03 8.75544851e-03 2.99990087e-03 -1.36287607e-02 8.56239124e-02 -4.70882045e-02 9.99630363e-02 -2.83762679e-01 1.44966139e-01 -8.13214608e-01 4.52545828e-01 -1.06399854e-01
-1.54685860e-15 2.41219312e-04 7.67365666e-04 -3.30252613e-03 2.53603662e-03 7.54221044e-04 -5.39532382e-03 -4.49801986e-03 1.44579709e-03 -1.43097589e-03 -4.91346658e-03 7.51936445e-03 -2.80172026e-02 6.64024153e-03 -4.28960038e-03 -6.60633362e-03 7.28065128e-03 -2.07067660e-02 1.40242185e-02 -1.17179457e-02 -7.99654732e-02 -1.08011732e-01 -8.24446011e-01 -2.97972070e-01 -3.84636634e-01 -2.52260749e-01
-3.29841775e-15 1.42281170e-04 -1.00203895e-04 1.19983334e-03 3.09636771e-03 -4.63533995e-03 -1.59404401e-03 -3.37564447e-03 -5.04470333e-03 2.78465424e-03 5.56748100e-03 -1.25465839e-04 -1.70847379e-02 2.64919866e-02 4.74424622e-03 -2.92915656e-02 1.50641363e-02 8.10629911e-02 -5.58366912e-02 1.29924163e-01 -1.47380095e-01 -7.99040097e-01 7.63913578e-02 4.63200728e-02 -2.67949667e-01 4.80889535e-01
-1.28480498e-14 6.85524459e-04 1.98564930e-03 -1.17627546e-02 1.10388028e-02 -2.16794898e-02 -3.11887506e-02 -2.26072145e-02 -2.42048542e-02 4.10877071e-04 -3.68073280e-02 2.01820911e-01 -6.34450071e-01 6.74183275e-02 -1.06632995e-02 -2.38307767e-02 2.51298081e-02 -2.54304053e-02 1.17240495e-02 -9.02437248e-02 -1.84513634e-02 3.17102390e-01 -1.70072165e-01 -1.77573484e-01 7.56590538e-02 6.08867930e-01
6.70926289e-15 -6.25248716e-04 -2.28719740e-03 1.01579551e-02 -2.44604442e-02 1.45038297e-02 3.70017828e-02 2.25171186e-02 1.25478295e-02 -3.70008705e-03 1.83425705e-02 -1.49441164e-01 3.85542949e-01 2.19233258e-04 3.34582304e-02 4.54956417e-03 -2.97564217e-03 -4.25176823e-02 -1.38209438e-02 -1.12147773e-01 -2.39059466e-02 3.45052312e-01 2.85126370e-01 -4.29836831e-01 -5.85203897e-01 2.86085407e-01
8.59203001e-15 -1.34749476e-04 1.12486896e-04 6.08255054e-03 -1.21325036e-02 2.33646190e-02 2.37507277e-02 1.93360246e-02 1.99400506e-02 -6.92113759e-03 2.76073480e-02 -1.92633927e-01 5.71769932e-01 -6.24505544e-02 1.18065734e-02 -5.74020870e-03 -1.50010313e-02 -7.66599147e-02 7.01648975e-03 -1.18741101e-04 -1.70554219e-02 8.22132854e-02 -4.18308530e-01 8.81318412e-02 4.51465643e-01 4.78802371e-01
-8.36798382e-16 -4.09603963e-04 3.81965999e-03 2.13778989e-03 -2.58193469e-03 -1.33036372e-03 2.89288521e-03 1.28993202e-02 -5.29929761e-03 -4.58348797e-03 -1.49778773e-03 1.65631889e-02 1.02373897e-02 -3.93933994e-02 -2.33050923e-02 7.42872486e-03 -1.71584273e-02 -8.63474188e-03 -1.25311663e-01 -9.08456699e-01 -3.60675431e-01 -1.17079152e-01 2.21897816e-02 7.84134199e-02 5.42435099e-02 -4.97351311e-02
8.13659449e-15 -3.38399594e-04 -4.46940529e-03 -2.56470743e-05 -1.21297445e-02 -7.14076755e-03 2.16529838e-04 8.65215649e-03 1.50092176e-02 1.88145065e-02 -9.89693146e-03 8.12683788e-03 5.51850706e-02 3.30361252e-02 -2.60950010e-02 1.83275864e-01 3.78081451e-02 9.57220046e-01 -2.08349841e-02 -8.24819979e-02 1.64013098e-01 5.87258972e-02 -5.88361918e-02 -2.00839112e-02 1.26352895e-02 3.52855148e-02
1.08910457e-13 -2.03676978e-02 4.62643907e-05 7.44626506e-02 -2.18991694e-01 2.96033067e-02 1.34323790e-01 -9.52172689e-01 7.69581602e-02 1.14918829e-01 3.43559901e-03 -5.62506098e-03 1.88299012e-02 7.43135974e-03 -1.02370362e-02 5.43519343e-03 1.98529870e-02 -2.51949985e-03 -1.57383700e-02 -1.22499182e-02 2.16548662e-03 1.52718659e-03 1.54970686e-03 2.61983281e-03 -1.89422112e-04 -4.85161297e-05
2.25608783e-14 -2.02766814e-07 6.23509977e-03 -5.98966501e-02 -3.57507444e-01 8.22147983e-01 -4.13800416e-01 5.54072123e-02 9.81519281e-02 2.73303848e-02 5.28477293e-02 1.40842512e-02 -2.37196514e-02 -1.43777566e-02 -4.47004325e-03 5.30157146e-02 -3.17934359e-02 -8.56889525e-03 -1.08883072e-02 -6.99811107e-04 7.19853049e-03 -5.04884293e-03 3.09572791e-03 3.63148938e-03 -6.85155728e-03 3.40371209e-03
-4.23298288e-14 5.63005094e-04 -4.03742594e-04 -1.94223299e-02 -1.08818723e-01 -1.18035203e-01 -1.51828394e-01 1.20369665e-02 3.04245194e-02 -2.14654792e-02 1.86344390e-02 -3.75429430e-02 6.37824896e-02 4.95202112e-01 -8.28498697e-01 -9.87912722e-02 -1.73764335e-02 -2.39585321e-02 -2.48742739e-02 6.44826935e-03 -1.02834378e-02 8.03050043e-03 7.73697739e-03 -1.00852726e-02 1.10819302e-02 -7.38645484e-03
-3.31900669e-14 1.95489317e-03 8.39807719e-03 2.06473409e-02 7.02126343e-01 -1.32142675e-02 -6.07654260e-01 -2.24319004e-01 1.74386695e-01 6.06714391e-02 -2.01032319e-02 1.25725467e-01 8.56801279e-02 -1.37913514e-01 -6.57548575e-02 5.84593399e-02 -3.11966650e-02 -5.24980141e-03 -8.38836906e-03 3.37596619e-03 -7.63677910e-03 1.42069079e-02 1.27267521e-02 -9.15011026e-03 -2.35074213e-02 1.53103465e-02
-6.50477715e-16 6.43911025e-04 4.47303839e-03 -3.83018876e-02 2.78661996e-02 2.98090206e-02 -2.01890585e-01 -1.12855561e-01 -9.69473785e-01 8.52422277e-03 2.07032225e-02 -2.13826466e-02 4.26210487e-02 -1.15989946e-03 -5.80631334e-03 1.82341120e-02 3.73472115e-03 8.67386930e-03 -9.33314706e-03 -1.14603866e-04 9.97475895e-03 5.54001976e-03 -1.10892360e-03 5.09372144e-04 -4.31515115e-03 -1.62282717e-03
1.93991174e-14 -4.40108939e-04 3.90095122e-03 -1.40725996e-02 1.61975599e-02 2.27086397e-02 -3.38974582e-02 -1.27621047e-01 1.62711989e-02 -9.87574655e-01 4.42585864e-02 -1.45764199e-02 -8.85945956e-03 1.12032156e-04 2.43876581e-02 1.93546897e-02 -4.21289432e-02 1.61318214e-02 -2.21081302e-03 -6.27708544e-03 2.45976907e-02 -7.82985984e-03 2.44229455e-03 -5.74627413e-03 6.64698156e-06 -1.29618855e-04
5.64920085e-15 -2.03006614e-05 -1.57056972e-03 -9.14215020e-03 4.83820724e-03 1.20253238e-02 -1.13914273e-02 -2.11979242e-02 -8.39125264e-03 2.66370957e-02 -5.20329236e-02 -1.59723740e-02 -1.07860814e-02 -3.17923793e-02 6.45834502e-02 -6.20398809e-01 -7.63290714e-01 1.44635990e-01 -1.78285941e-02 -5.63309022e-03 3.07254224e-02 1.32897213e-02 -3.82609187e-03 -1.39778694e-02 -1.41783536e-05 -4.35546398e-03
-1.19410087e-15 -2.72834873e-04 -9.06340291e-03 -8.23789232e-03 -1.27667525e-02 -5.36370605e-02 5.80479278e-02 5.70393251e-03 -3.77919422e-03 3.79388665e-02 2.63244108e-02 -1.53558680e-02 -3.52534801e-02 1.14689070e-01 -6.12113825e-03 7.44129695e-01 -6.33499052e-01 -1.25170859e-01 -5.73153162e-02 1.21548509e-02 2.78940281e-02 -2.86230194e-02 -1.04242055e-02 -3.85276154e-05 -9.68295164e-03 2.53230930e-02
-5.37025789e-14 3.72944858e-04 9.98215364e-01 5.59809269e-03 -1.08359687e-02 -1.46635802e-02 -6.52295693e-03 1.84313856e-03 4.75757136e-03 3.67639249e-03 -1.92515868e-02 -4.34553910e-02 -1.09007146e-02 8.38762657e-05 3.28362743e-03 8.29544964e-03 -6.14640849e-03 5.54530689e-03 2.34947390e-02 2.26957078e-03 -5.30755102e-03 5.72818836e-04 1.76910978e-03 1.60649435e-03 -1.64632121e-03 -2.20505194e-04
3.19374590e-14 1.90289672e-03 6.11020014e-03 -9.92812320e-01 4.46643731e-02 -2.37799274e-02 5.51451343e-02 -7.43509258e-02 3.79818388e-02 2.21698537e-02 -2.47237314e-03 -6.45137900e-03 1.63489660e-02 9.56984215e-03 1.79783376e-02 -3.27626426e-03 1.72761411e-02 -8.63601306e-04 -1.11100601e-02 -2.96596534e-03 -7.17240047e-04 1.46358920e-03 4.18509371e-03 3.37812449e-03 -3.94088390e-03 -2.62667742e-04
7.44377825e-15 -1.49776636e-05 2.71481392e-03 -4.52936760e-03 -7.66361888e-02 4.58542879e-02 4.91670445e-02 1.52076879e-02 -3.21029105e-02 -5.25339815e-02 -8.89403539e-01 3.94365133e-01 1.68184976e-01 -5.04946343e-02 -6.44944341e-02 4.80063551e-02 -6.11959844e-05 -2.98165220e-02 -1.72081788e-02 1.65857160e-02 3.74465051e-03 -5.98090558e-03 5.51274720e-03 -3.31849177e-03 -8.63318222e-03 8.29403395e-03
-4.90452738e-12 9.99786935e-01 -3.97091313e-04 3.42588698e-03 -5.83066240e-03 7.97267668e-04 4.10416691e-03 -1.87714005e-02 1.79714734e-03 1.74508440e-03 1.11859848e-04 -5.82670549e-04 9.04207519e-04 3.69782884e-04 5.52134018e-04 3.19578293e-04 2.40375047e-04 3.63453966e-04 -1.02003579e-03 -3.31969027e-04 -7.07158621e-04 3.92991742e-04 3.67749815e-04 3.28712064e-04 -2.54435693e-04 -2.37432971e-04
-4.24973138e-14 5.75932647e-05 2.99151436e-02 5.04352433e-03 9.99038736e-03 2.23609398e-02 5.08995107e-02 1.49247871e-03 -1.44293617e-02 2.90553759e-03 3.07645590e-01 6.91413459e-01 2.47686671e-01 4.12856555e-01 2.20843245e-01 -3.46919561e-02 -2.09815687e-02 2.47654763e-03 3.65048351e-01 -2.59895392e-02 -7.79009581e-02 2.24289430e-03 3.21935876e-03 2.66017366e-02 -4.02238650e-03 2.72308317e-03
4.47213595e-01 2.33227354e-04 1.41153154e-02 -2.90090735e-02 -2.67279001e-01 -1.88679154e-01 -6.28305538e-02 3.92521139e-02 -1.13967655e-03 -1.20573744e-02 2.38558799e-01 3.50304583e-01 5.82119640e-02 -6.28553183e-01 -3.10030812e-01 3.59456962e-02 -5.87520066e-02 1.07649133e-02 1.54873412e-02 5.27854252e-02 -4.16936348e-02 1.93838831e-02 6.85831460e-03 -3.72123443e-03 -3.74246185e-02 2.47840003e-02
4.47213595e-01 3.04567610e-04 -4.26342639e-02 -1.29480747e-02 -8.22351110e-02 -1.07831448e-01 -1.91655276e-01 -2.23725055e-02 2.85310991e-02 1.87521897e-03 -2.08438899e-01 -3.49237590e-01 -8.11072965e-02 1.01241453e-01 1.01888681e-01 3.83327897e-02 -1.96715362e-02 3.85938691e-02 7.17088004e-01 -4.36043245e-02 -1.63166817e-01 -1.03602032e-02 1.85511198e-02 4.76025969e-02 -1.20163659e-02 1.90740670e-03
4.47213596e-01 -2.75577681e-05 1.56429229e-02 3.32434074e-02 4.72497363e-01 4.84726807e-01 5.31790081e-01 -2.12251235e-02 -8.06171035e-02 -2.38214052e-03 1.79678764e-02 -1.48718311e-02 -2.79797615e-02 2.21861817e-02 -2.19725164e-01 -9.01283393e-03 -7.75443559e-03 9.84453890e-03 1.61334331e-02 3.73835885e-03 -6.28738158e-03 1.07688947e-03 1.31463617e-03 -4.72114279e-03 1.27964051e-03 1.79078625e-03
4.47213595e-01 -9.06940246e-04 4.64921522e-03 5.55002799e-03 -6.20478335e-02 -8.78471805e-02 -1.40461495e-01 -2.18068968e-03 2.38934539e-02 -6.32440784e-03 -3.10609871e-02 -2.14081718e-03 2.43011230e-02 2.86048476e-01 2.46070590e-01 -1.20608990e-02 3.02367940e-02 8.47499523e-02 -5.13743069e-01 2.40294295e-01 -5.04446618e-01 1.04165369e-01 2.60360071e-02 -9.98981791e-02 1.15455192e-01 -6.98600677e-02
4.47213595e-01 3.96703061e-04 8.22681035e-03 3.16371277e-03 -6.09354167e-02 -1.00369025e-01 -1.36842756e-01 6.52620482e-03 2.93322271e-02 1.88887038e-02 -1.70267892e-02 1.59456555e-02 2.65739710e-02 2.19077072e-01 1.81796705e-01 -5.32047530e-02 5.59411844e-02 -1.43953274e-01 -2.34965709e-01 -2.53213755e-01 7.15594451e-01 -1.14265938e-01 -5.27600777e-02 6.07379594e-02 -6.72938476e-02 4.13778744e-02